"HITId","HITTypeId","Title","Description","Keywords","Reward","CreationTime","MaxAssignments","RequesterAnnotation","AssignmentDurationInSeconds","AutoApprovalDelayInSeconds","Expiration","NumberOfSimilarHITs","LifetimeInSeconds","AssignmentId","WorkerId","AssignmentStatus","AcceptTime","SubmitTime","AutoApprovalTime","ApprovalTime","RejectionTime","RequesterFeedback","WorkTimeInSeconds","LifetimeApprovalRate","Last30DaysApprovalRate","Last7DaysApprovalRate","Input.hitNum","Input.originalMatrix","Input.filenameTrial1","Input.levelTrial1","Input.stimSingularTrial1","Input.stimPluralTrial1","Input.targetReferentTrial1","Input.distractorReferentTrial1","Input.otherReferentTrial1","Input.targetFeatureTrial1","Input.check1NameTrial1","Input.check1CountTrial1","Input.check2NameTrial1","Input.check2CountTrial1","Input.permutedMatrix1","Input.targetReferencePhraseTrial1","Input.filenameTrial2","Input.levelTrial2","Input.stimSingularTrial2","Input.stimPluralTrial2","Input.targetReferentTrial2","Input.distractorReferentTrial2","Input.otherReferentTrial2","Input.targetFeatureTrial2","Input.check1NameTrial2","Input.check1CountTrial2","Input.check2NameTrial2","Input.check2CountTrial2","Input.permutedMatrix2","Input.targetReferencePhraseTrial2","Answer.bet1Trial1","Answer.bet1Trial2","Answer.bet2Trial1","Answer.bet2Trial2","Answer.bet3Trial1","Answer.bet3Trial2","Answer.check1CountTrial1","Answer.check1CountTrial2","Answer.check2CountTrial1","Answer.check2CountTrial2","Answer.participantExplanation","Approve","Reject"
"2ROX3YOCCF0C8YQXLY9NOIXZBX3RSU","2JJ45UUKQOYG6B21JXZOM01072OWES","Communication game (fun, 3 minutes, do once only!)","Answer a few quick questions about a group of bugs. PLEASE DO ONLY ONE ""COMMUNICATION GAME"" HIT!","psychology, language, game","$0.15","Sat Dec 08 00:15:11 GMT 2012","1","BatchId:984850;","600","604800","Tue Dec 18 00:15:11 GMT 2012","","","25EEC1PC6SK9ACE5K49ZKHMD8BA0O6","A2WGW5Y3ZFBDEC","Submitted","Sat Dec 08 07:08:17 GMT 2012","Sat Dec 08 07:10:03 GMT 2012","Fri Dec 14 23:10:03 PST 2012","","","","106","100% (3/3)","0% (0/0)","0% (0/0)","1","001011000","E0S_targ_phrase-stims/S1-trial1.jpg","1","face","faces","1","3","2","hat","a hat","2","glasses","1","101001000","one on the left","E0S_targ_phrase-stims/S1-trial2.jpg","0","sundae","sundaes","1","3","2","chocolate","a cherry","2","chocolate sauce","1","101000100","one on the left","100","100","","","","","2","2","1","1","how wimpy we are about betting it all on a nearly certain outcome"
"207PSI2KYEPLBID5GQD62J3P5A3SM6","2JJ45UUKQOYG6B21JXZOM01072OWES","Communication game (fun, 3 minutes, do once only!)","Answer a few quick questions about a group of bugs. PLEASE DO ONLY ONE ""COMMUNICATION GAME"" HIT!","psychology, language, game","$0.15","Sat Dec 08 00:15:11 GMT 2012","1","BatchId:984850;","600","604800","Tue Dec 18 00:15:11 GMT 2012","","","2AGNNVRH1KHOS7MR7CXN19LNUREYPB","A3GVOYAXLY2EWI","Submitted","Sat Dec 08 00:28:11 GMT 2012","Sat Dec 08 00:30:04 GMT 2012","Fri Dec 14 16:30:04 PST 2012","","","","113","0% (0/0)","0% (0/0)","0% (0/0)","2","001011000","E0S_targ_phrase-stims/S2-trial1.jpg","0","snowman","snowmen","1","3","2","gloves","a beanie","2","gloves","1","101000100","one on the left","E0S_targ_phrase-stims/S2-trial2.jpg","1","face","faces","1","3","2","hat","a hat","2","glasses","1","101001000","one on the left","100","50","0","0","0","50","2","2","1","1","Using words to try and suggest an outcome?"
"24ASCXKNQY2RVCQ6Z4ME9HR1FNW0PO","2JJ45UUKQOYG6B21JXZOM01072OWES","Communication game (fun, 3 minutes, do once only!)","Answer a few quick questions about a group of bugs. PLEASE DO ONLY ONE ""COMMUNICATION GAME"" HIT!","psychology, language, game","$0.15","Sat Dec 08 00:15:11 GMT 2012","1","BatchId:984850;","600","604800","Tue Dec 18 00:15:11 GMT 2012","","","29PR24SMEZZ25BQMJEL8V9Y66FM2JB","A1CBZQ3VK5L7ZC","Submitted","Sat Dec 08 07:25:05 GMT 2012","Sat Dec 08 07:26:21 GMT 2012","Fri Dec 14 23:26:21 PST 2012","","","","76","0% (0/0)","0% (0/0)","0% (0/0)","3","001011000","E0S_targ_phrase-stims/S3-trial1.jpg","0","face","faces","3","1","2","hat","a hat","1","a mustache","2","001000101","one on the right","E0S_targ_phrase-stims/S3-trial2.jpg","1","sundae","sundaes","1","3","2","whipped cream","a cherry","1","whipped cream","2","001101000","one on the left","","50","","","100","50","1","1","2","2","Cognitive thinking"
"2WT0HFL42J1LHYEB37YM6IGGFARM1H","2JJ45UUKQOYG6B21JXZOM01072OWES","Communication game (fun, 3 minutes, do once only!)","Answer a few quick questions about a group of bugs. PLEASE DO ONLY ONE ""COMMUNICATION GAME"" HIT!","psychology, language, game","$0.15","Sat Dec 08 00:15:11 GMT 2012","1","BatchId:984850;","600","604800","Tue Dec 18 00:15:11 GMT 2012","","","2GP3YOCCF0CPOD3PPNEIOXYJ2BWTSU","AQN2CW0B0DIR8","Submitted","Sat Dec 08 05:58:36 GMT 2012","Sat Dec 08 06:02:49 GMT 2012","Fri Dec 14 22:02:49 PST 2012","","","","253","0% (0/0)","0% (0/0)","0% (0/0)","4","001011000","E0S_targ_phrase-stims/S4-trial1.jpg","1","face","faces","2","1","3","hat","a hat","2","a mustache","1","110000100","one in the middle","E0S_targ_phrase-stims/S4-trial2.jpg","0","snowman","snowmen","3","2","1","scarf","a beanie","2","a scarf","1","011001000","one on the right","20","0","80","0","0","100","2","2","1","1","communicating the most unique factors"
"2NJ8N46UXFCDNY3CAYEDYNTLDGHRTJ","2JJ45UUKQOYG6B21JXZOM01072OWES","Communication game (fun, 3 minutes, do once only!)","Answer a few quick questions about a group of bugs. PLEASE DO ONLY ONE ""COMMUNICATION GAME"" HIT!","psychology, language, game","$0.15","Sat Dec 08 00:15:11 GMT 2012","1","BatchId:984850;","600","604800","Tue Dec 18 00:15:11 GMT 2012","","","2HUJENLVWJ5O846YRLQ84MWE50N0SD","A3RNJZBYTB2FU4","Submitted","Sat Dec 08 08:10:37 GMT 2012","Sat Dec 08 08:13:19 GMT 2012","Sat Dec 15 00:13:19 PST 2012","","","","162","0% (0/0)","0% (0/0)","0% (0/0)","5","001011000","E0S_targ_phrase-stims/S5-trial1.jpg","0","face","faces","1","2","3","glasses","glasses","1","a mustache","2","000100110","one on the left","E0S_targ_phrase-stims/S5-trial2.jpg","1","snowman","snowmen","2","3","1","scarf","a scarf","2","gloves","1","000011001","one in the middle","100","50","0","50","0","0","1","2","2","1","Examining the intelligence of Turkers"
"2HZFL42J1LY5R4D23RRIMFKI8UK3O5","2JJ45UUKQOYG6B21JXZOM01072OWES","Communication game (fun, 3 minutes, do once only!)","Answer a few quick questions about a group of bugs. PLEASE DO ONLY ONE ""COMMUNICATION GAME"" HIT!","psychology, language, game","$0.15","Sat Dec 08 00:15:11 GMT 2012","1","BatchId:984850;","600","604800","Tue Dec 18 00:15:11 GMT 2012","","","2CWE6AUBXHWS00LL5EMB5WDUJJT2Y3","AYXIDCIGUA037","Submitted","Sat Dec 08 07:06:28 GMT 2012","Sat Dec 08 07:07:31 GMT 2012","Fri Dec 14 23:07:31 PST 2012","","","","63","100% (2/2)","0% (0/0)","0% (0/0)","6","001011000","E0S_targ_phrase-stims/S6-trial1.jpg","1","face","faces","1","3","2","mustache","glasses","1","a mustache","2","000001101","one on the left","E0S_targ_phrase-stims/S6-trial2.jpg","0","sundae","sundaes","2","1","3","cherry","a cherry","1","chocolate sauce","2","010000110","one in the middle","80","0","0","100","20","0","1","1","2","2","perceptions of words"
"2AOS8SV7WGKCVORLZH139MHBKJI0QF","2JJ45UUKQOYG6B21JXZOM01072OWES","Communication game (fun, 3 minutes, do once only!)","Answer a few quick questions about a group of bugs. PLEASE DO ONLY ONE ""COMMUNICATION GAME"" HIT!","psychology, language, game","$0.15","Sat Dec 08 00:15:11 GMT 2012","1","BatchId:984850;","600","604800","Tue Dec 18 00:15:11 GMT 2012","","","2UIW618N46UXY5J4123EZNDVLFKQO6","A3B2LENQDJ4G4P","Submitted","Sat Dec 08 05:10:20 GMT 2012","Sat Dec 08 05:11:56 GMT 2012","Fri Dec 14 21:11:56 PST 2012","","","","96","0% (0/0)","0% (0/0)","0% (0/0)","7","001011000","E0S_targ_phrase-stims/S7-trial1.jpg","1","sundae","sundaes","1","2","3","whipped cream","a cherry","1","whipped cream","2","010110000","one on the left","E0S_targ_phrase-stims/S7-trial2.jpg","0","face","faces","3","2","1","mustache","a hat","2","a mustache","1","011000001","one on the right","100","0","0","0","0","100","1","2","2","1","Confidence in distinguishing characteristics"
"297W1INMHGYQNC9N6GXBLMFGJRCJ68","2JJ45UUKQOYG6B21JXZOM01072OWES","Communication game (fun, 3 minutes, do once only!)","Answer a few quick questions about a group of bugs. PLEASE DO ONLY ONE ""COMMUNICATION GAME"" HIT!","psychology, language, game","$0.15","Sat Dec 08 00:15:11 GMT 2012","1","BatchId:984850;","600","604800","Tue Dec 18 00:15:11 GMT 2012","","","2VW2J1LY58B7L0S0EL6KND19W1HR68","AMP04G2WY7W9D","Submitted","Sat Dec 08 07:20:04 GMT 2012","Sat Dec 08 07:22:36 GMT 2012","Fri Dec 14 23:22:36 PST 2012","","","","152","0% (0/0)","0% (0/0)","0% (0/0)","8","001011000","E0S_targ_phrase-stims/S8-trial1.jpg","0","face","faces","2","3","1","hat","a hat","1","glasses","2","010011000","one in the middle","E0S_targ_phrase-stims/S8-trial2.jpg","1","sundae","sundaes","1","3","2","whipped cream","a cherry","1","whipped cream","2","001101000","one on the left","0","50","100","0","0","50","1","1","2","2","not really sure... Logic?"
"2C6K5UFJ51Y797UZB3HS7CSUHHT8BY","2JJ45UUKQOYG6B21JXZOM01072OWES","Communication game (fun, 3 minutes, do once only!)","Answer a few quick questions about a group of bugs. PLEASE DO ONLY ONE ""COMMUNICATION GAME"" HIT!","psychology, language, game","$0.15","Sat Dec 08 00:15:11 GMT 2012","1","BatchId:984850;","600","604800","Tue Dec 18 00:15:11 GMT 2012","","","2FFQYN5F3Q0JZYZYIS3W4B4CDT9EAW","A2LPRUXRREYKGO","Submitted","Sat Dec 08 00:15:50 GMT 2012","Sat Dec 08 00:17:24 GMT 2012","Fri Dec 14 16:17:24 PST 2012","","","","94","0% (0/0)","0% (0/0)","0% (0/0)","9","001011000","E0S_targ_phrase-stims/S9-trial1.jpg","0","snowman","snowmen","3","2","1","beanie","a beanie","1","gloves","2","001000011","one on the right","E0S_targ_phrase-stims/S9-trial2.jpg","1","sundae","sundaes","3","2","1","chocolate","a cherry","1","chocolate sauce","2","010000011","one on the right","0","0","0","1","100","99","1","1","2","2","VISUAL DIFFERENCES"
"2FWPLSP75KLMPPP3KF8QKQVKMX0TZE","2JJ45UUKQOYG6B21JXZOM01072OWES","Communication game (fun, 3 minutes, do once only!)","Answer a few quick questions about a group of bugs. PLEASE DO ONLY ONE ""COMMUNICATION GAME"" HIT!","psychology, language, game","$0.15","Sat Dec 08 00:15:11 GMT 2012","1","BatchId:984850;","600","604800","Tue Dec 18 00:15:11 GMT 2012","","","2NUAC9KSSZVXGVW41ZLKWOYJL3Q2KC","ARI36OEY8HI0","Submitted","Sat Dec 08 04:35:16 GMT 2012","Sat Dec 08 04:37:16 GMT 2012","Fri Dec 14 20:37:16 PST 2012","","","","120","0% (0/0)","0% (0/0)","0% (0/0)","10","001011000","E0S_targ_phrase-stims/S10-trial1.jpg","1","snowman","snowmen","1","3","2","scarf","a scarf","2","gloves","1","000101001","one on the left","E0S_targ_phrase-stims/S10-trial2.jpg","0","face","faces","2","3","1","glasses","glasses","1","a mustache","2","000010011","one in the middle","50","","","100","50","","2","1","1","2","Whether or not people are influenced by their initial thought even before being given the word"
"295TL0XULRGNC4P3IR4XBFP8IZG3PM","2JJ45UUKQOYG6B21JXZOM01072OWES","Communication game (fun, 3 minutes, do once only!)","Answer a few quick questions about a group of bugs. PLEASE DO ONLY ONE ""COMMUNICATION GAME"" HIT!","psychology, language, game","$0.15","Sat Dec 08 00:15:11 GMT 2012","1","BatchId:984850;","600","604800","Tue Dec 18 00:15:11 GMT 2012","","","2SMUU00OQKKANBOS4XTU8683CIKWWC","A3LFN7UMOOMXU0","Submitted","Sat Dec 08 06:47:45 GMT 2012","Sat Dec 08 06:48:46 GMT 2012","Fri Dec 14 22:48:46 PST 2012","","","","61","0% (0/0)","0% (0/0)","0% (0/0)","11","001011000","E0S_targ_phrase-stims/S11-trial1.jpg","0","sundae","sundaes","2","3","1","whipped cream","a cherry","2","whipped cream","1","011010000","one in the middle","E0S_targ_phrase-stims/S11-trial2.jpg","1","snowman","snowmen","2","3","1","gloves","a scarf","1","gloves","2","000001011","one in the middle","0","0","100","80","0","20","2","1","1","2","I have no idea."
"2FJTHV8ER9Y8CGQII4JMBKFINV23QD","2JJ45UUKQOYG6B21JXZOM01072OWES","Communication game (fun, 3 minutes, do once only!)","Answer a few quick questions about a group of bugs. PLEASE DO ONLY ONE ""COMMUNICATION GAME"" HIT!","psychology, language, game","$0.15","Sat Dec 08 00:15:11 GMT 2012","1","BatchId:984850;","600","604800","Tue Dec 18 00:15:11 GMT 2012","","","2H5ZKPFE4EGD06S21QZIFNZZ43PH7M","A1G7ECC0Q1M627","Submitted","Sat Dec 08 06:04:36 GMT 2012","Sat Dec 08 06:06:42 GMT 2012","Fri Dec 14 22:06:42 PST 2012","","","","126","0% (0/0)","0% (0/0)","0% (0/0)","12","001011000","E0S_targ_phrase-stims/S12-trial1.jpg","0","sundae","sundaes","1","3","2","whipped cream","whipped cream","1","chocolate sauce","2","000100101","one on the left","E0S_targ_phrase-stims/S12-trial2.jpg","1","face","faces","1","3","2","glasses","a hat","1","glasses","2","001101000","one on the left","100","60","0","0","0","40","1","1","2","2","Determining how sure people are of concrete things"
"2JV5NQYN5F3QJCM5P3DNIWYCZ2T8C5","2JJ45UUKQOYG6B21JXZOM01072OWES","Communication game (fun, 3 minutes, do once only!)","Answer a few quick questions about a group of bugs. PLEASE DO ONLY ONE ""COMMUNICATION GAME"" HIT!","psychology, language, game","$0.15","Sat Dec 08 00:15:11 GMT 2012","1","BatchId:984850;","600","604800","Tue Dec 18 00:15:11 GMT 2012","","","2BG3W5XH0JPPBB8KUJGLYP78I6AEKK","A2Y1SUUSQIH5WP","Submitted","Sat Dec 08 04:13:40 GMT 2012","Sat Dec 08 04:16:37 GMT 2012","Fri Dec 14 20:16:37 PST 2012","","","","177","0% (0/0)","0% (0/0)","0% (0/0)","13","001011000","E0S_targ_phrase-stims/S13-trial1.jpg","1","snowman","snowmen","3","1","2","gloves","a beanie","1","gloves","2","100000101","one on the right","E0S_targ_phrase-stims/S13-trial2.jpg","0","sundae","sundaes","1","2","3","whipped cream","whipped cream","1","chocolate sauce","2","000100110","one on the left","10","100","10","0","80","0","1","1","2","2",""
"2BXBNFSVGULFM2BSSBEG7FS4IR27LY","2JJ45UUKQOYG6B21JXZOM01072OWES","Communication game (fun, 3 minutes, do once only!)","Answer a few quick questions about a group of bugs. PLEASE DO ONLY ONE ""COMMUNICATION GAME"" HIT!","psychology, language, game","$0.15","Sat Dec 08 00:15:12 GMT 2012","1","BatchId:984850;","600","604800","Tue Dec 18 00:15:12 GMT 2012","","","2O41PC6SK9RJRYUZE45HSAASKAK2Q8","A3IL71DWR7MXLN","Submitted","Sat Dec 08 07:53:24 GMT 2012","Sat Dec 08 07:54:34 GMT 2012","Fri Dec 14 23:54:34 PST 2012","","","","70","0% (0/0)","0% (0/0)","0% (0/0)","14","001011000","E0S_targ_phrase-stims/S14-trial1.jpg","0","snowman","snowmen","3","2","1","gloves","a scarf","2","gloves","1","000011001","one on the right","E0S_targ_phrase-stims/S14-trial2.jpg","1","sundae","sundaes","1","3","2","chocolate","whipped cream","1","chocolate sauce","2","000001101","one on the left","0","50","0","0","100","50","2","1","1","2",""
"2AG24E6AUBXHFLN7BQ091BZX8KYW0E","2JJ45UUKQOYG6B21JXZOM01072OWES","Communication game (fun, 3 minutes, do once only!)","Answer a few quick questions about a group of bugs. PLEASE DO ONLY ONE ""COMMUNICATION GAME"" HIT!","psychology, language, game","$0.15","Sat Dec 08 00:15:12 GMT 2012","1","BatchId:984850;","600","604800","Tue Dec 18 00:15:12 GMT 2012","","","20W5UUKQOYGN1P7NODFG610AQHJXFR","A1NHLX3Z5C9A7Q","Submitted","Sat Dec 08 05:28:38 GMT 2012","Sat Dec 08 05:30:03 GMT 2012","Fri Dec 14 21:30:03 PST 2012","","","","85","0% (0/0)","0% (0/0)","0% (0/0)","15","001011000","E0S_targ_phrase-stims/S15-trial1.jpg","0","sundae","sundaes","2","1","3","whipped cream","a cherry","2","whipped cream","1","110010000","one in the middle","E0S_targ_phrase-stims/S15-trial2.jpg","1","snowman","snowmen","3","2","1","scarf","a scarf","2","gloves","1","000011010","one on the right","1","0","100","50","1","50","2","2","1","1","Language and bet-making (statistics?)"
"292MT6YTWX4HMA8P7949FGI7DC4W1H","2JJ45UUKQOYG6B21JXZOM01072OWES","Communication game (fun, 3 minutes, do once only!)","Answer a few quick questions about a group of bugs. PLEASE DO ONLY ONE ""COMMUNICATION GAME"" HIT!","psychology, language, game","$0.15","Sat Dec 08 00:15:12 GMT 2012","1","BatchId:984850;","600","604800","Tue Dec 18 00:15:12 GMT 2012","","","2TEJUNU8LZ6RQTM5NEZDEJ3YCTXJ3E","A1AKMFN63ZSCL8","Submitted","Sat Dec 08 05:17:07 GMT 2012","Sat Dec 08 05:18:01 GMT 2012","Fri Dec 14 21:18:01 PST 2012","","","","54","0% (0/0)","0% (0/0)","0% (0/0)","16","001011000","E0S_targ_phrase-stims/S16-trial1.jpg","0","snowman","snowmen","1","3","2","beanie","a beanie","1","a scarf","2","100101000","one on the left","E0S_targ_phrase-stims/S16-trial2.jpg","1","sundae","sundaes","3","1","2","cherry","a cherry","2","whipped cream","1","101100000","one on the right","100","50","0","0","0","50","1","2","2","1","How we judge risk and communication"
"2IBHV8ER9Y8T6DOMVXD5QFHTXH14R1","2JJ45UUKQOYG6B21JXZOM01072OWES","Communication game (fun, 3 minutes, do once only!)","Answer a few quick questions about a group of bugs. PLEASE DO ONLY ONE ""COMMUNICATION GAME"" HIT!","psychology, language, game","$0.15","Sat Dec 08 00:15:12 GMT 2012","1","BatchId:984850;","600","604800","Tue Dec 18 00:15:12 GMT 2012","","","2VSXULRGNTBJMFSDTA6PDN65I3SS6P","A3I6HQOL7HCBGI","Submitted","Sat Dec 08 06:36:26 GMT 2012","Sat Dec 08 06:36:49 GMT 2012","Fri Dec 14 22:36:49 PST 2012","","","","23","0% (0/0)","0% (0/0)","0% (0/0)","17","001011000","E0S_targ_phrase-stims/S17-trial1.jpg","0","snowman","snowmen","3","2","1","scarf","a beanie","2","a scarf","1","011001000","one on the right","E0S_targ_phrase-stims/S17-trial2.jpg","1","face","faces","1","3","2","hat","a hat","2","a mustache","1","101000001","one on the left","0","75","0","0","100","25","2","2","1","1",""
"2ZZPCGJ2D21OMPBXD5APVSI3FRSB5Z","2JJ45UUKQOYG6B21JXZOM01072OWES","Communication game (fun, 3 minutes, do once only!)","Answer a few quick questions about a group of bugs. PLEASE DO ONLY ONE ""COMMUNICATION GAME"" HIT!","psychology, language, game","$0.15","Sat Dec 08 00:15:12 GMT 2012","1","BatchId:984850;","600","604800","Tue Dec 18 00:15:12 GMT 2012","","","26UDIPDOBDDPRIPWGZ4DEXME1CIB04","AMI5QNFBNC1MI","Submitted","Sat Dec 08 06:22:30 GMT 2012","Sat Dec 08 06:24:12 GMT 2012","Fri Dec 14 22:24:12 PST 2012","","","","102","0% (0/0)","0% (0/0)","0% (0/0)","18","001011000","E0S_targ_phrase-stims/S18-trial1.jpg","0","snowman","snowmen","1","2","3","gloves","a scarf","2","gloves","1","000110100","one on the left","E0S_targ_phrase-stims/S18-trial2.jpg","1","face","faces","2","1","3","glasses","a hat","1","glasses","2","100110000","one in the middle","100","50","0","50","0","0","2","1","1","2","risk"
"2LNUUKQOYGNIFUTS4T70707TQ9NYGI","2JJ45UUKQOYG6B21JXZOM01072OWES","Communication game (fun, 3 minutes, do once only!)","Answer a few quick questions about a group of bugs. PLEASE DO ONLY ONE ""COMMUNICATION GAME"" HIT!","psychology, language, game","$0.15","Sat Dec 08 00:15:12 GMT 2012","1","BatchId:984850;","600","604800","Tue Dec 18 00:15:12 GMT 2012","","","2ZO1INMHGYQ42WTA7B2FSFFRWKQ7KD","A2OJZ25FZQU0E7","Submitted","Sat Dec 08 05:46:50 GMT 2012","Sat Dec 08 05:48:56 GMT 2012","Fri Dec 14 21:48:56 PST 2012","","","","126","0% (0/0)","0% (0/0)","0% (0/0)","19","001011000","E0S_targ_phrase-stims/S19-trial1.jpg","1","face","faces","2","1","3","glasses","glasses","2","a mustache","1","000110100","one in the middle","E0S_targ_phrase-stims/S19-trial2.jpg","0","snowman","snowmen","3","2","1","scarf","a beanie","2","a scarf","1","011001000","one on the right","50","0","50","0","0","100","2","2","1","1",""
"2RIRYNJ92NJK5TBBIOKUNYW3BM3B6F","2JJ45UUKQOYG6B21JXZOM01072OWES","Communication game (fun, 3 minutes, do once only!)","Answer a few quick questions about a group of bugs. PLEASE DO ONLY ONE ""COMMUNICATION GAME"" HIT!","psychology, language, game","$0.15","Sat Dec 08 00:15:12 GMT 2012","1","BatchId:984850;","600","604800","Tue Dec 18 00:15:12 GMT 2012","","","2P5EY5COW0LGAS988W6LI6VQSLWW5B","A1IHUIVYY7SBWX","Submitted","Sat Dec 08 05:11:35 GMT 2012","Sat Dec 08 05:13:09 GMT 2012","Fri Dec 14 21:13:09 PST 2012","","","","94","0% (0/0)","0% (0/0)","0% (0/0)","20","001011000","E0S_targ_phrase-stims/S20-trial1.jpg","0","face","faces","1","2","3","hat","a hat","1","a mustache","2","100000110","one on the left","E0S_targ_phrase-stims/S20-trial2.jpg","1","snowman","snowmen","1","3","2","gloves","a scarf","1","gloves","2","000001101","one on the left","100","90","0","0","0","10","1","1","2","2","I haven't a clue!"
"2JMSMEZZ2MIK5GFU4U0Y98TXRQW5MI","2JJ45UUKQOYG6B21JXZOM01072OWES","Communication game (fun, 3 minutes, do once only!)","Answer a few quick questions about a group of bugs. PLEASE DO ONLY ONE ""COMMUNICATION GAME"" HIT!","psychology, language, game","$0.15","Sat Dec 08 00:15:12 GMT 2012","1","BatchId:984850;","600","604800","Tue Dec 18 00:15:12 GMT 2012","","","2VQHVI44OS2K4NEDJJQSHAP89LI5ZO","A38D9Z4RQ5APZE","Submitted","Sat Dec 08 00:23:09 GMT 2012","Sat Dec 08 00:24:12 GMT 2012","Fri Dec 14 16:24:12 PST 2012","","","","63","0% (0/0)","0% (0/0)","0% (0/0)","21","001011000","E0S_targ_phrase-stims/S21-trial1.jpg","0","sundae","sundaes","2","1","3","whipped cream","whipped cream","1","chocolate sauce","2","000010110","one in the middle","E0S_targ_phrase-stims/S21-trial2.jpg","1","snowman","snowmen","1","2","3","gloves","a scarf","1","gloves","2","000010110","one on the left","","50","100","50","","","1","1","2","2","decision making"
"2I7C6SK9RJ857SOZAMDAGPMPJJK4SP","2JJ45UUKQOYG6B21JXZOM01072OWES","Communication game (fun, 3 minutes, do once only!)","Answer a few quick questions about a group of bugs. PLEASE DO ONLY ONE ""COMMUNICATION GAME"" HIT!","psychology, language, game","$0.15","Sat Dec 08 00:15:12 GMT 2012","1","BatchId:984850;","600","604800","Tue Dec 18 00:15:12 GMT 2012","","","2626X3YOCCF0VIBKTUKITII0W29QRK","A3LYWCKI70GCLN","Submitted","Sat Dec 08 05:34:03 GMT 2012","Sat Dec 08 05:36:48 GMT 2012","Fri Dec 14 21:36:48 PST 2012","","","","165","0% (0/0)","0% (0/0)","0% (0/0)","22","001011000","E0S_targ_phrase-stims/S22-trial1.jpg","1","face","faces","1","3","2","glasses","a hat","1","glasses","2","001101000","one on the left","E0S_targ_phrase-stims/S22-trial2.jpg","0","sundae","sundaes","1","2","3","whipped cream","a cherry","2","whipped cream","1","110100000","one on the left","50","100","0","0","50","0","1","2","2","1","Taking bets?"
"2FKRCJK63ZVEMAX0GZ9AW9JM0KHX8W","2JJ45UUKQOYG6B21JXZOM01072OWES","Communication game (fun, 3 minutes, do once only!)","Answer a few quick questions about a group of bugs. PLEASE DO ONLY ONE ""COMMUNICATION GAME"" HIT!","psychology, language, game","$0.15","Sat Dec 08 00:15:12 GMT 2012","1","BatchId:984850;","600","604800","Tue Dec 18 00:15:12 GMT 2012","","","2K36BFMFFOYY1M7TFK4GKSC3PJFYLJ","A3TWL91KU8T9RB","Submitted","Sat Dec 08 06:49:11 GMT 2012","Sat Dec 08 06:51:49 GMT 2012","Fri Dec 14 22:51:49 PST 2012","","","","158","0% (0/0)","0% (0/0)","0% (0/0)","23","001011000","E0S_targ_phrase-stims/S23-trial1.jpg","1","snowman","snowmen","3","1","2","scarf","a scarf","2","gloves","1","000101100","one on the right","E0S_targ_phrase-stims/S23-trial2.jpg","0","face","faces","1","3","2","mustache","a hat","2","a mustache","1","101000100","one on the left","24","100","1","0","75","0","21","2","","1","predicting what other are thinking with limited information"
"2OZ57DZKPFE4X9JH9RT5R8IAISAE4X","2JJ45UUKQOYG6B21JXZOM01072OWES","Communication game (fun, 3 minutes, do once only!)","Answer a few quick questions about a group of bugs. PLEASE DO ONLY ONE ""COMMUNICATION GAME"" HIT!","psychology, language, game","$0.15","Sat Dec 08 00:15:13 GMT 2012","1","BatchId:984850;","600","604800","Tue Dec 18 00:15:13 GMT 2012","","","249YW2GTP9RAQLBWI6X94SOI5MZOTY","A3HL4QP95BEAG3","Submitted","Sat Dec 08 06:28:35 GMT 2012","Sat Dec 08 06:30:22 GMT 2012","Fri Dec 14 22:30:22 PST 2012","","","","107","0% (0/0)","0% (0/0)","0% (0/0)","24","001011000","E0S_targ_phrase-stims/S24-trial1.jpg","1","face","faces","3","1","2","glasses","glasses","2","a mustache","1","000101100","one on the right","E0S_targ_phrase-stims/S24-trial2.jpg","0","sundae","sundaes","1","3","2","cherry","a cherry","1","chocolate sauce","2","100000101","one on the left","50","100","0","0","50","0","2","1","1","2","Risk aversion with full information."
"2OOO33FDEY5C7P6LCWQ3ECRGG5K0RG","2JJ45UUKQOYG6B21JXZOM01072OWES","Communication game (fun, 3 minutes, do once only!)","Answer a few quick questions about a group of bugs. PLEASE DO ONLY ONE ""COMMUNICATION GAME"" HIT!","psychology, language, game","$0.15","Sat Dec 08 00:15:13 GMT 2012","1","BatchId:984850;","600","604800","Tue Dec 18 00:15:13 GMT 2012","","","2CD92HECWA6XMRUC8KRCV5K0NFIJKO","AQP1E6STXY9PT","Submitted","Sat Dec 08 05:05:55 GMT 2012","Sat Dec 08 05:07:21 GMT 2012","Fri Dec 14 21:07:21 PST 2012","","","","86","0% (0/0)","0% (0/0)","0% (0/0)","25","001011000","E0S_targ_phrase-stims/S25-trial1.jpg","1","face","faces","3","1","2","hat","a hat","2","glasses","1","101100000","one on the right","E0S_targ_phrase-stims/S25-trial2.jpg","0","snowman","snowmen","3","1","2","gloves","a scarf","2","gloves","1","000101001","one on the right","50","0","0","0","50","100","2","2","1","1","This experiment was about our thoughts on risk managements."
"2OKJENLVWJ5O846YRLQ84MWC2730S4","2JJ45UUKQOYG6B21JXZOM01072OWES","Communication game (fun, 3 minutes, do once only!)","Answer a few quick questions about a group of bugs. PLEASE DO ONLY ONE ""COMMUNICATION GAME"" HIT!","psychology, language, game","$0.15","Sat Dec 08 00:15:13 GMT 2012","1","BatchId:984850;","600","604800","Tue Dec 18 00:15:13 GMT 2012","","","2O8OOGQSCM6IT38SANLU000RO5NGGF","ADCUZP06L4J49","Submitted","Sat Dec 08 02:20:58 GMT 2012","Sat Dec 08 02:23:10 GMT 2012","Fri Dec 14 18:23:10 PST 2012","","","","132","0% (0/0)","0% (0/0)","0% (0/0)","26","001011000","E0S_targ_phrase-stims/S26-trial1.jpg","1","sundae","sundaes","3","1","2","cherry","a cherry","2","whipped cream","1","101100000","one on the right","E0S_targ_phrase-stims/S26-trial2.jpg","0","face","faces","3","2","1","mustache","a hat","2","a mustache","1","011000001","one on the right","49","1","1","1","50","98","2","2","1","1","Analytical thinking."
"2G1MJUNU8LZ6A06G1W08J8J4Q7M2IZ","2JJ45UUKQOYG6B21JXZOM01072OWES","Communication game (fun, 3 minutes, do once only!)","Answer a few quick questions about a group of bugs. PLEASE DO ONLY ONE ""COMMUNICATION GAME"" HIT!","psychology, language, game","$0.15","Sat Dec 08 00:15:13 GMT 2012","1","BatchId:984850;","600","604800","Tue Dec 18 00:15:13 GMT 2012","","","26CUDD8XMB3QM2507BLTU6T7CHPPE7","A3BA2LVL6Y7YO7","Submitted","Sat Dec 08 08:05:16 GMT 2012","Sat Dec 08 08:06:16 GMT 2012","Sat Dec 15 00:06:16 PST 2012","","","","60","0% (0/0)","0% (0/0)","0% (0/0)","27","001011000","E0S_targ_phrase-stims/S27-trial1.jpg","1","face","faces","1","3","2","mustache","a hat","1","a mustache","2","001000101","one on the left","E0S_targ_phrase-stims/S27-trial2.jpg","0","snowman","snowmen","3","1","2","gloves","a beanie","2","gloves","1","101000001","one on the right","50","0","0","0","10","100","1","2","2","1","probability"
"2IDP9746OQ1S6JW7MBY0B1QL7G5M2Y","2JJ45UUKQOYG6B21JXZOM01072OWES","Communication game (fun, 3 minutes, do once only!)","Answer a few quick questions about a group of bugs. PLEASE DO ONLY ONE ""COMMUNICATION GAME"" HIT!","psychology, language, game","$0.15","Sat Dec 08 00:15:13 GMT 2012","1","BatchId:984850;","600","604800","Tue Dec 18 00:15:13 GMT 2012","","","24PFCD45XCET66YNPP9N9TGS2N5XZ9","A2PWRLF19O6V5G","Submitted","Sat Dec 08 11:35:33 GMT 2012","Sat Dec 08 11:37:56 GMT 2012","Sat Dec 15 03:37:56 PST 2012","","","","143","0% (0/0)","0% (0/0)","0% (0/0)","28","001011000","E0S_targ_phrase-stims/S28-trial1.jpg","1","face","faces","3","1","2","mustache","a hat","1","a mustache","2","100000101","one on the right","E0S_targ_phrase-stims/S28-trial2.jpg","0","sundae","sundaes","1","3","2","chocolate","a cherry","2","chocolate sauce","1","101000100","one on the left","20","100","0","0","80","0","1","2","2","1","I have no idea."
"222H1Q6SVQ8HR1SQQBC5UBVDDU5M39","2JJ45UUKQOYG6B21JXZOM01072OWES","Communication game (fun, 3 minutes, do once only!)","Answer a few quick questions about a group of bugs. PLEASE DO ONLY ONE ""COMMUNICATION GAME"" HIT!","psychology, language, game","$0.15","Sat Dec 08 00:15:13 GMT 2012","1","BatchId:984850;","600","604800","Tue Dec 18 00:15:13 GMT 2012","","","2HYO33FDEY5C7P6LCWQ3ECRIJXP0R8","A3OTJ72ZJLPL29","Submitted","Sat Dec 08 03:49:11 GMT 2012","Sat Dec 08 03:51:53 GMT 2012","Fri Dec 14 19:51:53 PST 2012","","","","162","0% (0/0)","0% (0/0)","0% (0/0)","29","001011000","E0S_targ_phrase-stims/S29-trial1.jpg","0","sundae","sundaes","1","2","3","cherry","a cherry","1","whipped cream","2","100110000","one on the left","E0S_targ_phrase-stims/S29-trial2.jpg","1","snowman","snowmen","3","1","2","scarf","a beanie","1","a scarf","2","100101000","one on the right","33.33","33.34","33.34","33.33","33.33","33.33","1","3","2","2","good"
"2RU9KSSZVXX29XBUQPHO4GNJRU1M4U","2JJ45UUKQOYG6B21JXZOM01072OWES","Communication game (fun, 3 minutes, do once only!)","Answer a few quick questions about a group of bugs. PLEASE DO ONLY ONE ""COMMUNICATION GAME"" HIT!","psychology, language, game","$0.15","Sat Dec 08 00:15:13 GMT 2012","1","BatchId:984850;","600","604800","Tue Dec 18 00:15:13 GMT 2012","","","2XXF3Q0JG5TY5GIWUGV9L9SVQ3ZIET","AVB8ZZPQ0JT5J","Submitted","Sat Dec 08 05:17:53 GMT 2012","Sat Dec 08 05:27:26 GMT 2012","Fri Dec 14 21:27:26 PST 2012","","","","573","0% (0/0)","0% (0/0)","0% (0/0)","30","001011000","E0S_targ_phrase-stims/S30-trial1.jpg","1","snowman","snowmen","2","3","1","beanie","a beanie","2","a scarf","1","011001000","one in the middle","E0S_targ_phrase-stims/S30-trial2.jpg","0","face","faces","2","1","3","mustache","glasses","2","a mustache","1","000110010","one in the middle","$0","$0","$50","$100","$50","$0","2","2","1","1","I think this experiment aims to study visual communication and language acquisition among individuals with limited vocabulary."
"2FQE4BLYHVI4NHY2GQL8JNE0N4OU0E","2JJ45UUKQOYG6B21JXZOM01072OWES","Communication game (fun, 3 minutes, do once only!)","Answer a few quick questions about a group of bugs. PLEASE DO ONLY ONE ""COMMUNICATION GAME"" HIT!","psychology, language, game","$0.15","Sat Dec 08 00:15:13 GMT 2012","1","BatchId:984850;","600","604800","Tue Dec 18 00:15:13 GMT 2012","","","2T9STLB3L0FB22OO7O5JXEVH3EYVJX","A19RWQFV4N44KO","Submitted","Sat Dec 08 09:16:20 GMT 2012","Sat Dec 08 09:17:48 GMT 2012","Sat Dec 15 01:17:48 PST 2012","","","","88","100% (2/2)","0% (0/0)","0% (0/0)","31","001011000","E0S_targ_phrase-stims/S31-trial1.jpg","0","snowman","snowmen","2","3","1","scarf","a scarf","1","gloves","2","000010011","one in the middle","E0S_targ_phrase-stims/S31-trial2.jpg","1","sundae","sundaes","3","2","1","cherry","a cherry","2","chocolate sauce","1","011000010","one on the right","5","0","90","50","5","50","1","2","2","1","I think this experiment is about how people will think about the future."
"2TJPC6SK9RJ8OH5IVJ8MGAPNJH43RE","2JJ45UUKQOYG6B21JXZOM01072OWES","Communication game (fun, 3 minutes, do once only!)","Answer a few quick questions about a group of bugs. PLEASE DO ONLY ONE ""COMMUNICATION GAME"" HIT!","psychology, language, game","$0.15","Sat Dec 08 00:15:13 GMT 2012","1","BatchId:984850;","600","604800","Tue Dec 18 00:15:13 GMT 2012","","","2BTK274J79KQFZ78J9XU3FCG2QIHFY","A3SA0ZM6AMWFV2","Submitted","Sat Dec 08 03:58:49 GMT 2012","Sat Dec 08 04:00:27 GMT 2012","Fri Dec 14 20:00:27 PST 2012","","","","98","0% (0/0)","0% (0/0)","0% (0/0)","32","001011000","E0S_targ_phrase-stims/S32-trial1.jpg","1","sundae","sundaes","2","3","1","whipped cream","a cherry","1","whipped cream","2","001011000","one in the middle","E0S_targ_phrase-stims/S32-trial2.jpg","0","face","faces","1","3","2","glasses","glasses","1","a mustache","2","000100101","one on the left","0","100","80","0","20","0","1","1","2","2","Gambling cognition"
"2S9I8IUB2YU9RCNSPQ23R0FCE2WJ77","2JJ45UUKQOYG6B21JXZOM01072OWES","Communication game (fun, 3 minutes, do once only!)","Answer a few quick questions about a group of bugs. PLEASE DO ONLY ONE ""COMMUNICATION GAME"" HIT!","psychology, language, game","$0.15","Sat Dec 08 00:15:13 GMT 2012","1","BatchId:984850;","600","604800","Tue Dec 18 00:15:13 GMT 2012","","","244F806UFBNFBOMUHKU9BSW9L211F0","AH41GNDJ3SA3R","Submitted","Sat Dec 08 05:07:45 GMT 2012","Sat Dec 08 05:11:52 GMT 2012","Fri Dec 14 21:11:52 PST 2012","","","","247","0% (0/0)","0% (0/0)","0% (0/0)","33","001011000","E0S_targ_phrase-stims/S33-trial1.jpg","1","face","faces","2","3","1","mustache","a hat","1","a mustache","2","001000011","one in the middle","E0S_targ_phrase-stims/S33-trial2.jpg","0","snowman","snowmen","2","1","3","scarf","a scarf","1","gloves","2","000010110","one in the middle","0","0","50","100","50","0","1","1","2","2","People's perception of words and using them to describe something."
"2U7GFL6VCPWZSKTDSNFV7S7TIWS7M0","2JJ45UUKQOYG6B21JXZOM01072OWES","Communication game (fun, 3 minutes, do once only!)","Answer a few quick questions about a group of bugs. PLEASE DO ONLY ONE ""COMMUNICATION GAME"" HIT!","psychology, language, game","$0.15","Sat Dec 08 00:15:13 GMT 2012","1","BatchId:984850;","600","604800","Tue Dec 18 00:15:13 GMT 2012","","","2Z46SK9RJ85OIB5EDR1AVMORORNT5R","ALCGFJV2L38QA","Submitted","Sat Dec 08 05:52:35 GMT 2012","Sat Dec 08 05:54:08 GMT 2012","Fri Dec 14 21:54:08 PST 2012","","","","93","0% (0/0)","0% (0/0)","0% (0/0)","34","001011000","E0S_targ_phrase-stims/S34-trial1.jpg","0","sundae","sundaes","3","2","1","whipped cream","a cherry","2","whipped cream","1","011001000","one on the right","E0S_targ_phrase-stims/S34-trial2.jpg","1","face","faces","1","2","3","hat","a hat","2","a mustache","1","110000010","one on the left","","","","","100","100","2","2","1","1","Communication"
"2TYJ2D21O3W5GA6JLUJI8KYFKE68EY","2JJ45UUKQOYG6B21JXZOM01072OWES","Communication game (fun, 3 minutes, do once only!)","Answer a few quick questions about a group of bugs. PLEASE DO ONLY ONE ""COMMUNICATION GAME"" HIT!","psychology, language, game","$0.15","Sat Dec 08 00:15:13 GMT 2012","1","BatchId:984850;","600","604800","Tue Dec 18 00:15:13 GMT 2012","","","2M8J2D21O3W5GA6JLUJI8KYHN6GE81","A20SYKFQK06J7C","Submitted","Sat Dec 08 04:12:33 GMT 2012","Sat Dec 08 04:15:46 GMT 2012","Fri Dec 14 20:15:46 PST 2012","","","","193","0% (0/0)","0% (0/0)","0% (0/0)","35","001011000","E0S_targ_phrase-stims/S35-trial1.jpg","0","face","faces","3","1","2","hat","a hat","1","a mustache","2","001000101","one on the right","E0S_targ_phrase-stims/S35-trial2.jpg","1","sundae","sundaes","2","1","3","chocolate","whipped cream","1","chocolate sauce","2","000100110","one in the middle","0","50","0","50","100","0","1","1","2","2","Following directions"
"2UVP8PJWKUDDRQSBZVU950B7PM2J8U","2JJ45UUKQOYG6B21JXZOM01072OWES","Communication game (fun, 3 minutes, do once only!)","Answer a few quick questions about a group of bugs. PLEASE DO ONLY ONE ""COMMUNICATION GAME"" HIT!","psychology, language, game","$0.15","Sat Dec 08 00:15:13 GMT 2012","1","BatchId:984850;","600","604800","Tue Dec 18 00:15:13 GMT 2012","","","28H36XBAT2D56J4N1KUQ6JG8RLM40E","A25HIOE2S953Y4","Submitted","Sat Dec 08 08:13:09 GMT 2012","Sat Dec 08 08:14:58 GMT 2012","Sat Dec 15 00:14:58 PST 2012","","","","109","100% (1/1)","0% (0/0)","0% (0/0)","36","001011000","E0S_targ_phrase-stims/S36-trial1.jpg","0","face","faces","2","3","1","mustache","a hat","2","a mustache","1","011000010","one in the middle","E0S_targ_phrase-stims/S36-trial2.jpg","1","snowman","snowmen","1","2","3","scarf","a scarf","2","gloves","1","000110010","one on the left","","80","100","20","","","2","2","1","1","Risk assessment?"
"2G2PFE4EGDHD5VBL4N0N5W6I9SKJ9J","2JJ45UUKQOYG6B21JXZOM01072OWES","Communication game (fun, 3 minutes, do once only!)","Answer a few quick questions about a group of bugs. PLEASE DO ONLY ONE ""COMMUNICATION GAME"" HIT!","psychology, language, game","$0.15","Sat Dec 08 00:15:13 GMT 2012","1","BatchId:984850;","600","604800","Tue Dec 18 00:15:13 GMT 2012","","","2GKVQ8H88MQUPEBO703I7RX02W98RD","A3B8TTNEL2OCAB","Submitted","Sat Dec 08 07:23:44 GMT 2012","Sat Dec 08 07:24:43 GMT 2012","Fri Dec 14 23:24:43 PST 2012","","","","59","100% (4/4)","0% (0/0)","0% (0/0)","37","001011000","E0S_targ_phrase-stims/S37-trial1.jpg","0","sundae","sundaes","2","3","1","chocolate","whipped cream","2","chocolate sauce","1","000011010","one in the middle","E0S_targ_phrase-stims/S37-trial2.jpg","1","snowman","snowmen","1","3","2","beanie","a beanie","2","gloves","1","101000001","one on the left","0","100","100","0","0","0","2","2","1","1","<shrugs> i don't know, but it was fun!"
"21062NJQ2172I2FQDB2KRCVF6NFOWX","2JJ45UUKQOYG6B21JXZOM01072OWES","Communication game (fun, 3 minutes, do once only!)","Answer a few quick questions about a group of bugs. PLEASE DO ONLY ONE ""COMMUNICATION GAME"" HIT!","psychology, language, game","$0.15","Sat Dec 08 00:15:14 GMT 2012","1","BatchId:984850;","600","604800","Tue Dec 18 00:15:14 GMT 2012","","","21KQV66RLPHICWNVSFMKO62QHDAE63","A16W7NCQ3LXACD","Submitted","Sat Dec 08 09:06:38 GMT 2012","Sat Dec 08 09:07:59 GMT 2012","Sat Dec 15 01:07:59 PST 2012","","","","81","0% (0/0)","0% (0/0)","0% (0/0)","38","001011000","E0S_targ_phrase-stims/S38-trial1.jpg","1","snowman","snowmen","1","3","2","scarf","a beanie","1","a scarf","2","001101000","one on the left","E0S_targ_phrase-stims/S38-trial2.jpg","0","face","faces","2","1","3","hat","a hat","1","glasses","2","010110000","one in the middle","70","100","0","0","30","0","1","1","2","2","Assumptions in communication"
"2WLQ0JG5TYMNVP4B0E69YSSISUFGK6","2JJ45UUKQOYG6B21JXZOM01072OWES","Communication game (fun, 3 minutes, do once only!)","Answer a few quick questions about a group of bugs. PLEASE DO ONLY ONE ""COMMUNICATION GAME"" HIT!","psychology, language, game","$0.15","Sat Dec 08 00:15:14 GMT 2012","1","BatchId:984850;","600","604800","Tue Dec 18 00:15:14 GMT 2012","","","224GW40SPW1I6FNGUVVJ9NAE4X60DC","A3QCTT89598KJ5","Submitted","Sat Dec 08 07:24:29 GMT 2012","Sat Dec 08 07:26:10 GMT 2012","Fri Dec 14 23:26:10 PST 2012","","","","101","0% (0/0)","0% (0/0)","0% (0/0)","39","001011000","E0S_targ_phrase-stims/S39-trial1.jpg","1","face","faces","3","2","1","hat","a hat","2","glasses","1","011010000","one on the right","E0S_targ_phrase-stims/S39-trial2.jpg","0","sundae","sundaes","1","3","2","chocolate","a cherry","2","chocolate sauce","1","101000100","one on the left","0","100","5","0","95","0","2","2","1","1","How we infer things based on words"
"2BU26DG67D1XMO6FG53OQ2JFWFL8FG","2JJ45UUKQOYG6B21JXZOM01072OWES","Communication game (fun, 3 minutes, do once only!)","Answer a few quick questions about a group of bugs. PLEASE DO ONLY ONE ""COMMUNICATION GAME"" HIT!","psychology, language, game","$0.15","Sat Dec 08 00:15:14 GMT 2012","1","BatchId:984850;","600","604800","Tue Dec 18 00:15:14 GMT 2012","","","2DI39Z0B6UTOPMAERXKVXKGSUDHYNL","A2W9OLKSKRS52X","Submitted","Sat Dec 08 03:54:12 GMT 2012","Sat Dec 08 03:55:19 GMT 2012","Fri Dec 14 19:55:19 PST 2012","","","","67","0% (0/0)","0% (0/0)","0% (0/0)","40","001011000","E0S_targ_phrase-stims/S40-trial1.jpg","0","snowman","snowmen","3","1","2","beanie","a beanie","1","gloves","2","001000101","one on the right","E0S_targ_phrase-stims/S40-trial2.jpg","1","sundae","sundaes","3","2","1","cherry","a cherry","2","chocolate sauce","1","011000010","one on the right","0","0","0","20","100","80","1","2","2","1","Communication skills and perception"
"27IONNVRH1KH72KGNGY6TV9MFPLOXQ","2JJ45UUKQOYG6B21JXZOM01072OWES","Communication game (fun, 3 minutes, do once only!)","Answer a few quick questions about a group of bugs. PLEASE DO ONLY ONE ""COMMUNICATION GAME"" HIT!","psychology, language, game","$0.15","Sat Dec 08 00:15:14 GMT 2012","1","BatchId:984850;","600","604800","Tue Dec 18 00:15:14 GMT 2012","","","20ZQ67051QKC6K72PV313MGLYIGFZ7","A14S7I1507EL47","Submitted","Sat Dec 08 08:29:57 GMT 2012","Sat Dec 08 08:32:23 GMT 2012","Sat Dec 15 00:32:23 PST 2012","","","","146","0% (0/0)","0% (0/0)","0% (0/0)","41","001011000","E0S_targ_phrase-stims/S41-trial1.jpg","1","snowman","snowmen","3","2","1","scarf","a scarf","2","gloves","1","000011010","one on the right","E0S_targ_phrase-stims/S41-trial2.jpg","0","face","faces","3","1","2","hat","a hat","1","a mustache","2","001000101","one on the right","0","0","30","0","70","100","2","1","1","2","figuring out gambling amounts"
"21405BMJTUHYFVMTLEIADS5XHUKGL9","2JJ45UUKQOYG6B21JXZOM01072OWES","Communication game (fun, 3 minutes, do once only!)","Answer a few quick questions about a group of bugs. PLEASE DO ONLY ONE ""COMMUNICATION GAME"" HIT!","psychology, language, game","$0.15","Sat Dec 08 00:15:14 GMT 2012","1","BatchId:984850;","600","604800","Tue Dec 18 00:15:14 GMT 2012","","","2FKW6NG1FS3NHGPBUKSF5SZO0ICKY2","AA663N4UPTFAY","Submitted","Sat Dec 08 03:53:59 GMT 2012","Sat Dec 08 03:55:30 GMT 2012","Fri Dec 14 19:55:30 PST 2012","","","","91","0% (0/0)","0% (0/0)","0% (0/0)","42","001011000","E0S_targ_phrase-stims/S42-trial1.jpg","1","face","faces","1","3","2","mustache","a hat","1","a mustache","2","001000101","one on the left","E0S_targ_phrase-stims/S42-trial2.jpg","0","sundae","sundaes","1","3","2","cherry","a cherry","1","chocolate sauce","2","100000101","one on the left","60","100","0","0","40","0","1","1","2","2","I think it is about your perception of a situation versus what someone really says."
"2E2NQY2RCJK6MS1EZMI0QUIBL2Y4TE","2JJ45UUKQOYG6B21JXZOM01072OWES","Communication game (fun, 3 minutes, do once only!)","Answer a few quick questions about a group of bugs. PLEASE DO ONLY ONE ""COMMUNICATION GAME"" HIT!","psychology, language, game","$0.15","Sat Dec 08 00:15:14 GMT 2012","1","BatchId:984850;","600","604800","Tue Dec 18 00:15:14 GMT 2012","","","25I8H88MQU6LOHHV8NSR3X4DG6STA3","A2LDP5HATLNS7M","Submitted","Sat Dec 08 09:40:10 GMT 2012","Sat Dec 08 09:41:18 GMT 2012","Sat Dec 15 01:41:18 PST 2012","","","","68","0% (0/0)","0% (0/0)","0% (0/0)","43","001011000","E0S_targ_phrase-stims/S43-trial1.jpg","0","sundae","sundaes","3","2","1","chocolate","a cherry","2","chocolate sauce","1","011000001","one on the right","E0S_targ_phrase-stims/S43-trial2.jpg","1","face","faces","3","2","1","hat","a hat","2","a mustache","1","011000010","one on the right","","","","50","100","50","2","2","1","1","Peoples betting habits"
"2FB3DHJHP4BDWDM4UDIS39X4BWIW39","2JJ45UUKQOYG6B21JXZOM01072OWES","Communication game (fun, 3 minutes, do once only!)","Answer a few quick questions about a group of bugs. PLEASE DO ONLY ONE ""COMMUNICATION GAME"" HIT!","psychology, language, game","$0.15","Sat Dec 08 00:15:14 GMT 2012","1","BatchId:984850;","600","604800","Tue Dec 18 00:15:14 GMT 2012","","","2OWEGDHDM25LRBFNV1XHKZ6RCQYNDR","A2H7FYI7JQ0WYR","Submitted","Sat Dec 08 05:45:54 GMT 2012","Sat Dec 08 05:47:01 GMT 2012","Fri Dec 14 21:47:01 PST 2012","","","","67","0% (0/0)","0% (0/0)","0% (0/0)","44","001011000","E0S_targ_phrase-stims/S44-trial1.jpg","0","face","faces","1","2","3","glasses","a hat","2","glasses","1","110100000","one on the left","E0S_targ_phrase-stims/S44-trial2.jpg","1","snowman","snowmen","2","3","1","gloves","a beanie","1","gloves","2","001000011","one in the middle","50","0","25","50","25","50","2","1","1","2","This experiment seems to be about quick memory; what we retain from seconds ago."
"21RRJ85OZIZE0FGALRFOW5EXKQZX9L","2JJ45UUKQOYG6B21JXZOM01072OWES","Communication game (fun, 3 minutes, do once only!)","Answer a few quick questions about a group of bugs. PLEASE DO ONLY ONE ""COMMUNICATION GAME"" HIT!","psychology, language, game","$0.15","Sat Dec 08 00:15:14 GMT 2012","1","BatchId:984850;","600","604800","Tue Dec 18 00:15:14 GMT 2012","","","2V7395SW6NG1YL9NUSAB4F1IXCGGUR","AZ8KL6F16ZS7G","Submitted","Sat Dec 08 00:16:02 GMT 2012","Sat Dec 08 00:17:24 GMT 2012","Fri Dec 14 16:17:24 PST 2012","","","","82","100% (2/2)","0% (0/0)","0% (0/0)","45","001011000","E0S_targ_phrase-stims/S45-trial1.jpg","0","face","faces","2","3","1","mustache","glasses","2","a mustache","1","000011010","one in the middle","E0S_targ_phrase-stims/S45-trial2.jpg","1","snowman","snowmen","2","1","3","beanie","a beanie","2","a scarf","1","110100000","one in the middle","0","50","100","50","0","0","2","2","1","1",""
"2GRO9Z6KW4ZMTSNHNWCFW0OOIO5E52","2JJ45UUKQOYG6B21JXZOM01072OWES","Communication game (fun, 3 minutes, do once only!)","Answer a few quick questions about a group of bugs. PLEASE DO ONLY ONE ""COMMUNICATION GAME"" HIT!","psychology, language, game","$0.15","Sat Dec 08 00:15:14 GMT 2012","1","BatchId:984850;","600","604800","Tue Dec 18 00:15:14 GMT 2012","","","2QHGSNTL0XULA9TT7OUMSDX8DB9M0R","A2SNRZG7PR1FWW","Submitted","Sat Dec 08 05:24:04 GMT 2012","Sat Dec 08 05:25:16 GMT 2012","Fri Dec 14 21:25:16 PST 2012","","","","72","0% (0/0)","0% (0/0)","0% (0/0)","46","001011000","E0S_targ_phrase-stims/S46-trial1.jpg","0","face","faces","1","2","3","hat","a hat","1","a mustache","2","100000110","one on the left","E0S_targ_phrase-stims/S46-trial2.jpg","1","snowman","snowmen","1","2","3","scarf","a scarf","2","gloves","1","000110010","one on the left","100","60","0","40","0","0","1","2","2","1",""
"28R8D8J3VE7WBLZNUH73SCK95MFYIA","2JJ45UUKQOYG6B21JXZOM01072OWES","Communication game (fun, 3 minutes, do once only!)","Answer a few quick questions about a group of bugs. PLEASE DO ONLY ONE ""COMMUNICATION GAME"" HIT!","psychology, language, game","$0.15","Sat Dec 08 00:15:14 GMT 2012","1","BatchId:984850;","600","604800","Tue Dec 18 00:15:14 GMT 2012","","","2HSG5R98D8J3E7DWOXKN4CG6KX1UEQ","A2J20TDOHIKPQZ","Submitted","Sat Dec 08 03:40:27 GMT 2012","Sat Dec 08 03:42:26 GMT 2012","Fri Dec 14 19:42:26 PST 2012","","","","119","100% (8/8)","0% (0/0)","0% (0/0)","47","001011000","E0S_targ_phrase-stims/S47-trial1.jpg","1","face","faces","3","1","2","glasses","a hat","1","glasses","2","100101000","one on the right","E0S_targ_phrase-stims/S47-trial2.jpg","0","sundae","sundaes","2","3","1","cherry","a cherry","1","chocolate sauce","2","010000011","one in the middle","5","0","0","100","95","0","1","1","2","2","determining whether or not a word means a particular picture."
"2AKD5NQYN5F39TPG1YPMTCWZ6XNB7E","2JJ45UUKQOYG6B21JXZOM01072OWES","Communication game (fun, 3 minutes, do once only!)","Answer a few quick questions about a group of bugs. PLEASE DO ONLY ONE ""COMMUNICATION GAME"" HIT!","psychology, language, game","$0.15","Sat Dec 08 00:15:14 GMT 2012","1","BatchId:984850;","600","604800","Tue Dec 18 00:15:14 GMT 2012","","","2XNP3TVOK5UF2Y7Y3V5O5FYTQNI36X","A28V5F5LE36AZF","Submitted","Sat Dec 08 05:42:14 GMT 2012","Sat Dec 08 05:43:25 GMT 2012","Fri Dec 14 21:43:25 PST 2012","","","","71","0% (0/0)","0% (0/0)","0% (0/0)","48","001011000","E0S_targ_phrase-stims/S48-trial1.jpg","0","snowman","snowmen","2","1","3","beanie","a beanie","1","gloves","2","010000110","one in the middle","E0S_targ_phrase-stims/S48-trial2.jpg","1","sundae","sundaes","2","1","3","whipped cream","whipped cream","2","chocolate sauce","1","000110100","one in the middle","0","25","100","75","0","0","1","2","2","1","communication"
"28AQV66RLPHICWNVSFMKO62OEJGE6I","2JJ45UUKQOYG6B21JXZOM01072OWES","Communication game (fun, 3 minutes, do once only!)","Answer a few quick questions about a group of bugs. PLEASE DO ONLY ONE ""COMMUNICATION GAME"" HIT!","psychology, language, game","$0.15","Sat Dec 08 00:15:14 GMT 2012","1","BatchId:984850;","600","604800","Tue Dec 18 00:15:14 GMT 2012","","","2LVQ39Z0B6UT7ZZ4A0JT1RKJNICMX4","AS6LD5OV0KZJ4","Submitted","Sat Dec 08 06:50:08 GMT 2012","Sat Dec 08 06:53:32 GMT 2012","Fri Dec 14 22:53:32 PST 2012","","","","204","0% (0/0)","0% (0/0)","0% (0/0)","49","001011000","E0S_targ_phrase-stims/S49-trial1.jpg","0","snowman","snowmen","3","2","1","beanie","a beanie","1","a scarf","2","001011000","one on the right","E0S_targ_phrase-stims/S49-trial2.jpg","1","face","faces","1","3","2","glasses","glasses","2","a mustache","1","000101001","one on the left","0","50","0","0","100","50","1","2","2","1","How a mustache vs no mustache will make me determine if ""glasses"" would be enough to determine which."
"2TRKSSZVXX2QNY0UGVFYMNIXWG65NI","2JJ45UUKQOYG6B21JXZOM01072OWES","Communication game (fun, 3 minutes, do once only!)","Answer a few quick questions about a group of bugs. PLEASE DO ONLY ONE ""COMMUNICATION GAME"" HIT!","psychology, language, game","$0.15","Sat Dec 08 00:15:14 GMT 2012","1","BatchId:984850;","600","604800","Tue Dec 18 00:15:14 GMT 2012","","","2Y8QSCM6IAA2B7OUQZR0UQKN8O5JJ8","ACH63EO279G6S","Submitted","Sat Dec 08 00:58:40 GMT 2012","Sat Dec 08 01:00:30 GMT 2012","Fri Dec 14 17:00:30 PST 2012","","","","110","0% (0/0)","0% (0/0)","0% (0/0)","50","001011000","E0S_targ_phrase-stims/S50-trial1.jpg","1","sundae","sundaes","1","3","2","whipped cream","whipped cream","2","chocolate sauce","1","000101001","one on the left","E0S_targ_phrase-stims/S50-trial2.jpg","0","face","faces","2","1","3","mustache","glasses","2","a mustache","1","000110010","one in the middle","85","0","0","100","15","0","2","2","1","1","I don't know"